D = propeller diameter [m],AEdAO = expanded area ratio,PdD = pitch ratio,Z = propeller's number of blades,P_B = power brake,n = Propeller angular speed [rpm],fitness,t075dD,tmin075dD,tal07R,cavLim,Vtip,Vtipmax,penalty,valid
0.7296360924362254,0.37020799547595373,1.246802135419879,3,222.7310219025335,0,-845.130106632389,0.01475,0.012666943155405466,0.6703678112141492,0.17667304296761857,31.426466524077693,39.0,2.7943978320281566,False
0.7777156934693163,0.3593385605035453,1.215420177511519,3,206.41885046990683,0,-725.2748852313816,0.01475,0.012269374270680618,0.6531521636671276,0.18589216523482527,30.09258928106239,39.0,2.5136078104316213,False
0.7797207118952956,0.3005850542576581,1.1790465095528153,3,198.89549145086593,0,-803.7789171930434,0.01475,0.012166912591392066,0.7257219593811836,0.17958025855154286,30.987996712186224,39.0,3.041212353934149,False
0.7989946434611324,0.5733147195034495,1.1048466298615773,3,197.61597309549634,0,-406.8000370157522,0.01475,0.012412033949968936,0.3941797046313812,0.19148524783002763,29.339923356589726,39.0,1.0585382377930013,False
0.7912473505688321,0.3182771741801575,1.2586702466850093,3,204.59089857527155,0,-804.6046302891508,0.01475,0.012038392011610858,0.7469089079847724,0.18992031475578733,29.546991303008177,39.0,2.9327488949520726,False
0.7819360019729147,0.3001374974970571,1.2865712287514055,3,208.11289066270183,0,-891.0940130876977,0.01475,0.012035956125454666,0.8056064370864497,0.18814747029620202,29.78543157983075,39.0,3.2817819225428715,False
0.7785751673130801,0.5275079670194762,1.0312062805387199,3,195.85034245369917,0,-428.6354786949876,0.01475,0.012544885841138642,0.3859231065730527,0.17633438280295036,31.474897219283402,39.0,1.1885868225955283,False
0.7573811131354009,0.39665816325013104,1.002752481174401,3,194.0889321202415,0,-567.9221877513112,0.01475,0.012562178337202391,0.4747813606400496,0.16225780443988252,33.5799007394806,39.0,1.9260925986210968,False
0.7584184140266667,0.3236179039450843,1.242818464231195,3,211.77674736946412,0,-860.6083662349095,0.01475,0.012331751200824862,0.7340426441336284,0.18063171322072508,30.83625812304386,39.0,3.0637528761998527,False
0.6876083573847407,0.3200451871257797,1.0816209066358808,3,214.9818612130178,0,-933.8027278834073,0.01475,0.013064934605608293,0.6412868806311993,0.1476382998816846,35.961081229343044,39.0,3.343634958849555,False
fitness at iteration,0,,,,,-406.8000370157522
0.7093246252090031,0.44274178978143836,0.9478758925643705,3,203.09182617174235,0,-573.4972674415917,0.01475,0.013035441106671358,0.4100121099705781,0.14519704433453934,36.367495700127776,39.0,1.8238323434869312,False
0.7989485679428179,0.7146835787932322,1.2035632474569173,3,203.0914831173947,0,-366.90923570044674,0.01475,0.012419900816132059,0.37747983408209934,0.20894251736206235,27.182617595200323,39.0,0.806620494707595,False
0.7987353895102505,0.5627740086227975,0.8665939991546785,3,180.65561329678752,0,-319.5484019609162,0.01475,0.01232197217537541,0.2823111036318754,0.15960363204491101,33.98973339791991,39.0,0.7688263106220266,False
0.7905814925297672,0.3330375418837364,1.2593819500477026,3,205.75049091447883,0,-777.4712215977245,0.01475,0.012072305961400685,0.7213335773294359,0.19089418813937872,29.418016852759475,39.0,2.7787089505457563,False
0.7444085491219813,0.5347850227787166,1.0270495309749759,3,203.63209950621808,0,-468.0589696674459,0.01475,0.012845629636135766,0.3855638711654528,0.1677420702672346,32.76249238015752,39.0,1.298552000408724,False
0.7953992266299252,0.9088264504975632,1.327436351882953,3,201.1332635904415,0,-324.09999336624173,0.01475,0.012250665609250458,0.3716821299551847,0.23066226888704294,24.78462737862499,39.0,0.6113694352724859,False
0.7750686339027573,0.7749134768568668,1.1046458639964807,3,201.20418168623485,0,-328.1011724492066,0.01475,0.012693285928588276,0.3149764747413551,0.1931556153172857,29.125705214796028,39.0,0.6306876412780504,False
0.7999897898211855,0.5435896597914158,1.1051641778511825,3,197.1391190326294,0,-425.4870570966008,0.01475,0.012380908813302515,0.4111633114164889,0.19050255851327239,29.4690544697056,39.0,1.1583086055395049,False
0.7997070369435535,0.9204971331631683,0.7560752128630053,3,181.59664172092937,0,-182.7728325512507,0.01475,0.01236182109410781,0.14504914534565888,0.14411571627789155,36.546916499342046,39.0,0.0064769415291767735,False
0.7934400584499863,0.6796634998123026,0.8939646975837379,3,185.30446998390047,0,-281.6564151928345,0.01475,0.012461605367130582,0.2513579629204198,0.165370826236328,33.10785301045457,39.0,0.5199655745881643,False
fitness at iteration,1,,,,,-182.7728325512507
0.7975545620273279,0.7292868813542568,1.0328827577473325,3,192.77002028082052,0,-302.67827947758286,0.01475,0.012507531041019017,0.2944922088719302,0.18755646812440038,29.86432332212769,39.0,0.570152241705696,False
0.732390513109536,0.5950641132573574,0.7396347999632193,3,188.13012285970748,0,-342.7832004174331,0.01475,0.012751981444146826,0.2204085457105508,0.12329662655275218,40.342591350137745,39.0,0.8220537743073372,False
0.7998980548658142,0.7174659848092669,0.9545563711831878,3,187.6969112397941,0,-280.37327555573404,0.01475,0.012463702825569987,0.2642508066100328,0.1769036656400862,31.386753973701722,39.0,0.49375540441121213,False
0.7998528148371004,0.34883525506674806,1.3606441193408367,3,212.82520470073388,0,-803.9855224336029,0.01475,0.011873212058624148,0.7634501473191104,0.2020949747828496,27.991746128315615,39.0,2.777680014752644,False
0.7798102904015436,0.6341300958666193,1.1345396150505949,3,204.12770980789995,0,-404.59452872331815,0.01475,0.012596283889358103,0.3821236989887667,0.19279063358575949,29.172150758848435,39.0,0.9820656838019352,False
0.7804715996985594,1.0154238337111308,1.0149697806729723,3,189.1652530391071,0,-222.10394473528456,0.01475,0.012643490392284904,0.22043162703852087,0.1877409451518829,29.840461339610112,39.0,0.17412654368066136,False
0.7885674123237756,1.0325213642223354,0.5016620991512054,3,223.4551451663371,0,-301.20360087366333,0.01475,0.012433107642545372,0.06088220204551405,0.07151392691009398,52.56956793422054,39.0,0.34793763933898814,False
0.7999953698588048,0.7305798515251545,1.2589649422961844,3,205.55289693221332,0,-377.7078369336817,0.01475,0.012351086138642293,0.3977591727259376,0.216465061723177,26.34428757689364,39.0,0.8375213512959692,False
0.7214646434534884,0.9373558221643686,0.5243013426084788,3,216.1851567005418,0,-325.38497919196936,0.01475,0.012813332824027326,0.07886230327490741,0.06923540217794939,53.27695646626064,39.0,0.5051217398921167,False
0.7971172854257808,0.6344443738331815,0.7183822779384302,3,175.39033069539371,0,-249.7677844155019,0.01475,0.012209657336529766,0.1919053850615357,0.1347585679511701,38.24164474235672,39.0,0.4240681537301049,False
fitness at iteration,2,,,,,-182.7728325512507
0.7991981130270358,0.8223806333938732,0.7921953284683807,3,181.1035218016765,0,-209.43304656906435,0.01475,0.01237634107597211,0.17466770860376307,0.15104081085283239,35.40472310547402,39.0,0.15642724385233678,False
0.7900782260381243,0.8277463497513863,0.9225363180930605,3,187.70442052502804,0,-242.87593554686535,0.01475,0.012557450394741597,0.22294701270127304,0.17230253681844698,32.09755648996886,39.0,0.2939276276366697,False
0.7318393341650113,0.7657921725256275,0.5204495279817317,3,198.7695057783359,0,-330.7301905501221,0.01475,0.012551071974046483,0.09903312638644539,0.07414075081619007,51.79758173010964,39.0,0.6638879754470299,False
0.7855900774514983,0.9569470873371864,1.3990367653901707,3,201.60986081235035,0,-333.6703950882126,0.01475,0.012142142472249146,0.39475313338832607,0.23851718776734557,23.971413900415946,39.0,0.6550301346558562,False
0.683277388106664,0.903572756076742,0.6649710978683023,3,206.83888676450474,0,-305.93376558856653,0.01475,0.013267522105655584,0.1275748471508,0.09786784395337296,45.84645347518334,39.0,0.4790921106478674,False
0.7990565579832479,0.9690373763281462,0.9029835058837683,3,183.77484020578834,0,-198.0062813119336,0.01475,0.012481390082848612,0.18647977770669327,0.17307678889070202,31.974500268396394,39.0,0.0774395509755802,False
0.7938738020845617,0.9540829197976293,1.393062463374012,3,199.89010215456258,0,-325.7309648899411,0.01475,0.01209332434469145,0.3907738243978155,0.2398047103216026,23.842865339809133,39.0,0.6295502447543582,False
0.721388986416222,0.8235564615014418,0.5826566360521674,3,198.58331580133358,0,-298.6441504116399,0.01475,0.012754745622128156,0.11039606827020246,0.0873305354605182,48.35047246124411,39.0,0.5038733199037173,False
0.7773620684645245,0.8373949697192863,1.0121054700035808,3,194.4432689335088,0,-274.0630920580451,0.01475,0.012692961841379425,0.2577339173860311,0.1828579873168941,30.517683947921288,39.0,0.40947585154908495,False
0.7998180944069447,0.9484557590508702,1.1017015888530286,3,190.5252932641829,0,-246.86501170561385,0.01475,0.012476140586581853,0.2639596462212314,0.20371857744742702,27.796062724998034,39.0,0.29570729154217956,False
fitness at iteration,3,,,,,-182.7728325512507
0.7980865209912591,0.9927247959024292,0.6793730674638795,3,185.09846757618027,0,-189.20353683014264,0.01475,0.012321831024896986,0.11160035801490097,0.12589431973836174,39.86493261127968,39.0,0.022177759263581464,False
0.7019379564198689,0.7946430208833023,0.7307329912435243,3,199.68133646365914,0,-303.19054527291746,0.01475,0.013136673047125177,0.16757463299099143,0.11583383395373612,41.79593919683793,39.0,0.5183719752802056,False
0.7671953385445136,1.0495983894646022,1.2799799182139524,3,197.0502968956524,0,-283.27712961823454,0.01475,0.012496542256147769,0.3208412519308348,0.2231802617971536,25.610801521948915,39.0,0.4375879360803166,False
0.7357404748613878,1.0008319541438053,0.5830279358836599,3,206.7601433798909,0,-256.19590158818147,0.01475,0.012758989808002543,0.08733333076264889,0.08743451063619129,48.32478832044979,39.0,0.2390971364217895,False
0.798900441721269,0.8687519051594971,0.6959439787465445,3,181.00897112936482,0,-184.64004402767898,0.01475,0.012284905560992088,0.13379194467234035,0.13116083446615096,38.948454435036105,39.0,0.020060181965893247,False
0.7900096903989406,1.0124739786381245,0.8094765354321227,3,183.85496152387688,0,-183.85496152387688,0.01475,0.012496889921443906,0.14945326989269878,0.15352902068052937,34.980564892480665,39.0,0,True
0.7244029097923343,1.0019940392628075,0.969852673381781,3,200.44617998932088,0,-255.78332557605407,0.01475,0.013146016385254072,0.2135773506099817,0.16737120750774437,32.81773253782865,39.0,0.27606984373402066,False
0.7638985615729253,1.0189481811927257,0.6031282869570981,3,199.40807818369336,0,-233.4201655650829,0.01475,0.012549252200642316,0.08931132262595987,0.0986240749289676,45.652044490656266,39.0,0.17056524335016066,False
0.769836206062224,1.0407354005641265,0.537576309983209,3,214.3146401690565,0,-276.69520687864235,0.01475,0.01253086972169801,0.06974029585671744,0.07942203603649464,50.35173079988733,39.0,0.29107002050993147,False
0.5223490750752244,0.5854600500274303,0.9908649171812667,3,278.642319176208,0,-1119.3027919292172,0.01475,0.015529626332643003,0.3765952311953657,0.0991258712831435,45.53731216344064,39.0,3.0169877828980884,False
fitness at iteration,4,,,,,-182.7728325512507
0.7988992308583595,0.7087191965276592,0.8464316954717015,3,182.01039040019714,0,-253.9440579906149,0.01475,0.012390474879227146,0.2222087840516775,0.15926463432782362,34.04316658320828,39.0,0.39521736881203823,False
0.7998420055185481,0.8899396642625338,0.7884619279505699,3,181.55019685526526,0,-193.440223261609,0.01475,0.012385899993594532,0.16077534455328077,0.1508931025872847,35.42812502646477,39.0,0.06549167454675175,False
0.7999631508528948,0.8121689860539864,1.09196322973652,3,194.2836675332744,0,-287.79455255705324,0.01475,0.0124946202612059,0.2941181554673175,0.19855259046636806,28.42849515948471,39.0,0.4813110963522628,False
0.7660090133972242,1.0114807338500822,0.8340011275156721,3,188.56832540312203,0,-196.82569437754714,0.01475,0.012712598950550212,0.15984633386567598,0.15314034884622926,35.04772551760983,39.0,0.043789798508166576,False
0.7840521490083828,0.7806825042580495,0.7608356989084282,3,182.54192866175285,0,-224.35642902030503,0.01475,0.012446471091797869,0.1734518705685807,0.14112472337804907,37.06883999808327,39.0,0.22906792244993604,False
0.789380522166656,1.0339840704233791,1.0182390142393802,3,186.82075948205173,0,-212.7906483039952,0.01475,0.012562726999239576,0.2171332151352016,0.19063334072081245,29.45249654780606,39.0,0.13900965232099094,False
0.7992288264658628,1.0435656922351992,1.110544962390941,3,186.84856291729864,0,-223.6588885211155,0.01475,0.012439782279843976,0.2480802367844262,0.20725058609498098,27.37784639421356,39.0,0.19700620132737948,False
0.7999573349465492,1.0398645173429322,0.7363176429447508,3,183.30122752419683,0,-183.30122752419683,0.01475,0.01236533936218954,0.12244812923563175,0.13966183217393546,37.32997462253261,39.0,0,True
0.7909848880305047,0.6952747146219137,0.900452605910627,3,186.30998914089602,0,-279.7047350744609,0.01475,0.012494008236315583,0.24950130021780545,0.1661916253289169,32.987031034095814,39.0,0.501286841163066,False
0.7913569118093948,1.0075364900164876,1.3820938832927172,3,196.424699559021,0,-304.4045789084359,0.01475,0.012109482574915615,0.3720690824584377,0.24008691984584957,23.815019381016885,39.0,0.5497265852605746,False
fitness at iteration,5,,,,,-182.7728325512507
0.78504619911403,1.0499818163446435,0.7502150393061301,3,185.63850130854468,0,-185.63850130854468,0.01475,0.012494319117251152,0.12652642259297114,0.13967423839544063,37.32854149070944,39.0,0,True
0.7986375007119837,1.0148505565672734,0.9480811432447007,3,183.9818521042563,0,-197.594551765106,0.01475,0.012492446348432482,0.19440906121970028,0.1810158166282324,30.778213572693193,39.0,0.07398936093509839,False
0.7775367840696706,0.8813610594244418,0.9208864370070582,3,189.6876953614245,0,-236.5038758743708,0.01475,0.012667002488730391,0.2120840815599389,0.1701018239350925,32.42275776347467,39.0,0.24680662825147615,False
0.7897723966488494,1.0419604854200115,0.8749927391387897,3,183.92702056148087,0,-183.92702056148087,0.01475,0.012535311305329182,0.16644183969118856,0.16656993840789527,32.931290737988924,39.0,0,True
0.7434187981023659,0.9990916030743872,0.9320130690007148,3,195.19239035441782,0,-233.31489411737428,0.01475,0.01296231241565191,0.19798228297322282,0.16563295372787934,33.07214515928437,39.0,0.19530732572994283,False
0.7982969012798026,0.9223012802204306,0.5169982917274496,3,202.1018384613245,0,-257.3381353418724,0.01475,0.012201231620914067,0.07468218351417177,0.08212672984721367,49.65905978264325,39.0,0.2733092251959807,False
0.7971845725867017,0.8826368260811807,0.6259897438675067,3,184.0715836538034,0,-199.93113356427514,0.01475,0.012225375344551644,0.11011612342694464,0.11310435053430679,42.360227766995784,39.0,0.08615968633322524,False
0.7989228347070233,1.0473167786242046,1.0084156511369788,3,184.283137715207,0,-202.1985291146174,0.01475,0.012481902094242573,0.2100738284288861,0.19146066207423526,29.343140714533014,39.0,0.0972166613914348,False
0.7926219533588452,0.9293600644200227,0.9957463826142077,3,188.6366814445155,0,-231.65475537823804,0.01475,0.012561903132929703,0.22827209490918626,0.18588217789765923,30.09295439517585,39.0,0.22804723664721402,False
0.7272935533618222,0.9126063754089933,0.7385271182517978,3,195.91689293294556,0,-237.74806267747306,0.01475,0.012951157125263433,0.1468900106931669,0.12415283838497845,40.18467597029853,39.0,0.21351486907688272,False
fitness at iteration,6,,,,,-182.7728325512507
0.7956285485609641,0.9881089295620662,1.2201124441100182,3,193.42948258594936,0,-266.3550549251895,0.01475,0.012388974689629788,0.3038093823997966,0.22062915854499124,25.90591838970265,39.0,0.3770137383624343,False
0.7619116557364424,1.0400146631708336,0.767421543678061,3,189.54679281147466,0,-189.54679281147466,0.01475,0.012696877108762989,0.13495367186351248,0.1385210262538252,37.540174611104355,39.0,0,True
0.795947431187264,0.9192236250243438,0.6495713836028429,3,184.5361719987456,0,-195.2975734285556,0.01475,0.012278867741575659,0.11231550846979967,0.11840984335553738,41.274321891566295,39.0,0.058315945937597306,False
0.7806094185101247,1.0185202651846252,0.6400676758073831,3,191.9814053506012,0,-210.07055104556565,0.01475,0.012437495039612136,0.09854865219207734,0.11163906722082062,42.67471360476424,39.0,0.09422342576318571,False
0.792127831799964,1.0000836871444347,0.5886136465768841,3,195.37079916779277,0,-226.49838012444064,0.01475,0.012314260081750497,0.08575910992811757,0.10039156898809669,45.213700627117014,39.0,0.15932565710556446,False
0.7639137783002704,1.0425715180931896,0.7455542789506997,3,189.66971048993864,0,-189.66971048993864,0.01475,0.01266254142780622,0.127738597612419,0.13426578301394615,38.33835062694185,39.0,0,True
0.7999464291443483,1.0465139666984422,0.8763830008623662,3,181.997902050276,0,-181.997902050276,0.01475,0.012453627153829916,0.16517449093452247,0.16918561111417782,32.55125909887566,39.0,0,True
0.7882095893802407,1.0494035894937186,1.1347643640693215,3,189.33548319885656,0,-234.38564963505047,0.01475,0.012508120305896774,0.2579188370488044,0.2083454670316127,27.25217410466119,39.0,0.23793831813806562,False
0.7994505349087788,0.8378638776093995,0.581285648143561,3,184.55533812434373,0,-211.34424176142272,0.01475,0.012134632697400286,0.10278932394565489,0.10275430310484422,44.64770511774139,39.0,0.14515377289726508,False
0.7963308481480263,1.0468298486619136,0.777055445920796,3,182.97964831993332,0,-182.97964831993332,0.01475,0.012424310653731797,0.13411846219009316,0.1480805434118929,35.88213073909401,39.0,0,True
fitness at iteration,7,,,,,-181.997902050276
0.7291570275019379,1.0309035010768948,0.8698802093959971,3,196.42415007191642,0,-223.72372742719827,0.01475,0.013059563785412181,0.17270149816986882,0.15162783753100967,35.30926968628144,39.0,0.13898279486146034,False
0.7934077898184617,1.0495151116193953,1.0029776490636408,3,185.1363966295771,0,-203.81766456385884,0.01475,0.012526451203086823,0.20848784465164485,0.18937852311510064,29.61933627279405,39.0,0.10090543120842657,False
0.7921791143318535,0.8046105634512356,0.6527402002246351,3,180.79894955673677,0,-207.9029861508535,0.01475,0.012251672832562144,0.13078470957730998,0.11931449798243347,41.09735419076064,39.0,0.14991257781401637,False
0.7999999115788633,1.0447977184242727,0.6709422430562288,3,186.90261544809488,0,-193.1646786144051,0.01475,0.01231935426501039,0.10302643741335321,0.12347184979165086,40.306672262988855,39.0,0.033504416999714216,False
0.7886982614486333,0.9026546001009509,0.6211721324828222,3,186.81631172029861,0,-206.1471919695872,0.01475,0.012297116936078068,0.10656106140701574,0.10997365857444118,43.03553802545358,39.0,0.1034753339859893,False
0.7554250236554,1.0399002467283702,0.8445432723087848,3,190.4562078124309,0,-199.4412288064763,0.01475,0.01280794924605259,0.1602062025133561,0.15298875754687158,35.074086566210894,39.0,0.04717630943746499,False
0.7945223564145016,1.0483954708426633,0.9060506054348026,3,183.25535059766221,0,-185.10526293970247,0.01475,0.0125076715183978,0.17524945075749193,0.17349803582339754,31.908718069036592,39.0,0.01009472485254614,False
0.7898996221073965,1.0258568977270195,1.0362305399173475,3,187.47671469092063,0,-218.10883419964713,0.01475,0.012557484787971543,0.22505366643046842,0.1934461855539037,29.087586465243934,39.0,0.16339159537347053,False
0.7791432392603174,1.0473581894207378,1.0083780282621213,3,188.12317358143738,0,-213.92391958244633,0.01475,0.012644409620582093,0.21261598226636552,0.18697298280694627,29.945127974674985,39.0,0.13714815410468267,False
0.7938824319688516,0.9360922461544595,0.8730274639816289,3,184.40974795667228,0,-202.53567557381015,0.01475,0.012507716666761693,0.18238305694788495,0.16606068766917018,33.00606409867199,39.0,0.09829159151281228,False
fitness at iteration,8,,,,,-181.997902050276
0.7668572520186012,0.8386134432140645,0.8244045452225793,3,188.52749850921353,0,-234.2327376880124,0.01475,0.012679088619425996,0.18642378771414522,0.15004738751409455,35.56504856934853,39.0,0.2424327460991861,False
0.7969156122619743,0.9978667357392099,0.8114919693391069,3,182.63460024441514,0,-182.63460024441514,0.01475,0.012442993367417082,0.15155340121921104,0.15531887237450087,34.6818864299445,39.0,0,True
0.7562083982445444,1.0488768066954015,0.721557568874225,3,192.05481219519095,0,-195.46931482058503,0.01475,0.012708139162966144,0.12032582828007571,0.12686851359119328,39.69337290156015,39.0,0.017778792347696228,False
0.7786419347154873,1.0415748825575177,0.8044038945850992,3,185.90922496676504,0,-185.90922496676504,0.01475,0.01258560204545403,0.14484342596814284,0.15015812525066155,35.54664642750921,39.0,0,True
0.7898886543968875,0.9599216711454069,0.8676942157545038,3,184.84744711674426,0,-198.8597555361549,0.01475,0.01253716062683839,0.1768693993566306,0.16440660331698434,33.251852952390934,39.0,0.0758047170138133,False
0.7983933721436309,1.00729384692528,0.7130400777978924,3,183.88825815715683,0,-183.88825815715683,0.01475,0.012352469275128992,0.11968665495839483,0.1342345569753896,38.34256485477496,39.0,0,True
0.7967426150967698,1.0499860667350207,0.953786404166638,3,183.53743334746176,0,-192.4492542584286,0.01475,0.012499725981811143,0.19086541992629294,0.18202694223494534,30.63388447979922,39.0,0.04855587630505612,False
0.7972697033401192,1.0480315552752295,0.7051026527281089,3,185.23733282038526,0,-185.23733282038526,0.01475,0.012364448559523612,0.11255488251913397,0.13197496830270325,38.78616949991589,39.0,0,True
0.7505631157259793,1.0480722446808801,0.9727344783958998,3,193.18658923025706,0,-224.64443062341945,0.01475,0.012892668863148524,0.20339107334083162,0.1749094229914999,31.693033139532695,39.0,0.1628365691350766,False
0.7997130567079028,1.0446675211198244,0.8375959474156262,3,181.90306731220832,0,-181.90306731220832,0.01475,0.012436498669845367,0.15296761439789228,0.1613644336184685,33.715104177850485,39.0,0,True
fitness at iteration,9,,,,,-181.90306731220832
0.7734251661290503,0.9119868317268031,0.8765989535284048,3,188.7080997047714,0,-222.02432288103276,0.01475,0.012677858871298499,0.19029664119873493,0.16174136722874236,33.65836411454799,39.0,0.17654898347439063,False
0.786184949090905,1.0342850953634453,0.770173974771091,3,184.90037392475065,0,-184.90037392475065,0.01475,0.01249927108282247,0.13448932968784152,0.14435341690875267,36.50688659525285,39.0,0,True
0.7991908003487342,1.0450112716111795,0.7746104454615206,3,182.51325001164176,0,-182.51325001164176,0.01475,0.01240012101322505,0.1333637104602845,0.14815133290954546,35.87035000266368,39.0,0,True
0.7886348217616463,0.9561302715299054,0.7581721658162609,3,184.01187544260068,0,-184.01187544260068,0.01475,0.012459105476881192,0.14132184784655039,0.14225129353743277,36.870466294650264,39.0,0,True
0.7858493686360439,0.9884832108046766,0.7179309691139273,3,185.60236204546345,0,-185.60236204546345,0.01475,0.012450154899410943,0.12453400625847709,0.13293379294225321,38.597342882482664,39.0,0,True
0.78601262180286,1.0472231796567593,0.6959286814207843,3,187.70778881505782,0,-190.82927675393398,0.01475,0.01244501584739434,0.1108125235158379,0.12711332132539463,39.64855076278223,39.0,0.016629506738005864,False
0.79929195794569,1.0497547692292426,0.8198421326127052,3,181.98815998111033,0,-181.98815998111033,0.01475,0.012429233792072567,0.14669919377267937,0.15769473291349062,34.29388757728098,39.0,0,True
0.7990909973218168,1.0340577045625692,0.839030688702977,3,182.12207687023243,0,-182.12207687023243,0.01475,0.012443170091801127,0.1549741406542775,0.16145791293797246,33.700649215581294,39.0,0,True
0.7959393329928773,1.0439078773072046,0.9065673294282728,3,183.09784281563645,0,-185.3227287420753,0.01475,0.012497438999925321,0.17594434464980105,0.17383205060521753,31.856521476444076,39.0,0.012151349749538755,False
0.7979455990646389,0.9606510487380701,0.7407688388852026,3,182.52514669143815,0,-182.52514669143815,0.01475,0.012369994850781905,0.1343759798738575,0.14043876134371464,37.19025974855093,39.0,0,True
fitness at iteration,10,,,,,-181.90306731220832
0.799515955494889,1.036475142681272,0.7784106422552499,3,182.3552218021938,0,-182.3552218021938,0.01475,0.012399725248883857,0.1356065756800195,0.14908134077075852,35.718707907060875,39.0,0,True
0.7933798334785728,1.049735569772102,0.8189783406841233,3,183.04633394044689,0,-183.04633394044689,0.01475,0.012475434341170846,0.14698238895109475,0.15628063139655055,34.524789388138515,39.0,0,True
0.7998958736366846,1.0366667825568079,0.8062004819512739,3,182.00892816745557,0,-182.00892816745557,0.01475,0.012416190155264495,0.14414777112189248,0.155010134903372,34.732630699167075,39.0,0,True
0.7991821758733616,1.0475743826736217,0.8723855059848117,3,182.1016210834182,0,-182.1016210834182,0.01475,0.012457933218462091,0.16379196533414986,0.16822288384769035,32.68945939346302,39.0,0,True
0.7825732614858752,1.04129087680364,0.670119860209441,3,189.8834704219134,0,-199.83482370489975,0.01475,0.012451628742509753,0.10435253347546375,0.1195921876387108,41.043899751643046,39.0,0.05240768593956529,False
0.799997813055724,1.0101746469414774,0.661462311438625,3,186.4527744061403,0,-194.60918804396667,0.01475,0.012299705216955548,0.10425560343277492,0.12134427370830064,40.70606274370758,39.0,0.043745198556604525,False
0.793795349558474,1.0026990124586936,0.6596692030172472,3,187.38555590344987,0,-197.13937967968207,0.01475,0.0123424252154291,0.10502781883793859,0.11966073244493226,41.03003441454717,39.0,0.05205216447556838,False
0.7999209255540355,1.028663070762294,0.8641768077897857,3,182.1644092353981,0,-182.1644092353981,0.01475,0.012450592439831864,0.16381273517937864,0.1666159825037921,32.92387346184853,39.0,0,True
0.7960197192726439,1.0469114089086133,0.9111889013177942,3,183.07388179612323,0,-185.54412495423486,0.01475,0.012497499412065318,0.17702492723349153,0.17466810448083578,31.727173135693512,39.0,0.013493148961917872,False
0.7997041863959898,1.0363743345584022,0.7405384792792927,3,183.17076588548073,0,-183.17076588548073,0.01475,0.01237000706948151,0.12415177196373492,0.14057938980836174,37.165018759307394,39.0,0,True
fitness at iteration,11,,,,,-181.90306731220832
0.7783893817738757,1.0493084260640033,0.8649137190440433,3,185.89268639127374,0,-187.20528418350986,0.01475,0.012622835960589227,0.16323196989885053,0.16208746201678906,33.604771814379156,39.0,0.00706105128565046,False
0.7989745970963195,0.8901090800336923,0.8410153927622409,3,182.8301286525137,0,-203.5942077651765,0.01475,0.012439878080885513,0.17894616908393227,0.16069588361386478,33.819182450872766,39.0,0.11357033583959747,False
0.7998156757982435,0.9376371523694654,0.7934934576898294,3,181.9145900021708,0,-184.8602449388411,0.01475,0.012399805990167585,0.15457842764407487,0.15211529822085493,35.22098347503369,39.0,0.01619251615076705,False
0.7827429476158346,1.0499996536270404,0.7778270166092345,3,185.4229732562725,0,-185.4229732562725,0.01475,0.012533109427540195,0.1351085690815008,0.14529515467751242,36.346811160791866,39.0,0,True
0.7992574799867195,1.0334136741898952,0.8090687812210096,3,182.11979402726405,0,-182.11979402726405,0.01475,0.01242317736491249,0.14554640845470324,0.15545171657470958,34.659906861842074,39.0,0,True
0.7997496425441011,1.0361378789225468,0.8526807307114,3,182.02999473878836,0,-182.02999473878836,0.01475,0.01244527731269667,0.15900425132742485,0.16434418089227312,33.26062163318502,39.0,0,True
0.7996775482450689,1.007697105065287,0.8660513571907797,3,182.49232294084064,0,-183.43033416766283,0.01475,0.0124555328288309,0.16761000080536148,0.16675289032144663,32.90372069537852,39.0,0.005140003764028378,False
0.7989007128075658,1.0460851132351587,0.8712243844803762,3,182.15770904941462,0,-182.15770904941462,0.01475,0.012459759734330191,0.16366408209630345,0.16792051216734957,32.73322248839725,39.0,0,True
0.7995757691967884,1.035641606849775,0.8089622297227596,3,182.05589854100603,0,-182.05589854100603,0.01475,0.01242057384884823,0.14517975700289332,0.15550321952506913,34.651430898379886,39.0,0,True
0.7975406254545552,1.0482575047523348,0.745511215195565,3,183.53608726770827,0,-183.53608726770827,0.01475,0.01239221738460459,0.12433408488596458,0.14121642052732397,37.05185711985435,39.0,0,True
fitness at iteration,12,,,,,-181.90306731220832
0.796212189452618,1.0256204736254932,0.830362671722317,3,182.69410761599207,0,-182.69410761599207,0.01475,0.012461342585132812,0.15367263211239948,0.15905224129192044,34.076936336864385,39.0,0,True
0.7862490331414916,1.0364209504096424,0.6926650279455989,3,187.591032696706,0,-191.31872975718946,0.01475,0.012437759826721203,0.11110556533588559,0.12640061639309474,39.77498472751574,39.0,0.01987140326963445,False
0.799687443834498,1.027522012093584,0.8352493070430741,3,182.05121548877227,0,-182.05121548877227,0.01475,0.012436541425809279,0.1546390387364465,0.16079778623738436,33.80334772817378,39.0,0,True
0.7989846506496681,1.0260768199853434,0.8765803386560991,3,182.49570751427015,0,-182.49570751427015,0.01475,0.012464367187088857,0.1683663170544606,0.16882371254595127,32.603051628888366,39.0,0,True
0.7998107111553292,1.0401023580797664,0.8642639874062679,3,182.02963910625962,0,-182.02963910625962,0.01475,0.012450104890215068,0.16217874576599622,0.1666987865187321,32.9116781442804,39.0,0,True
0.7972654453287911,1.0148725406499293,0.9165570184312198,3,183.61235992324964,0,-192.21240775921962,0.01475,0.012495621929748287,0.18370937600674275,0.17548977436919758,31.601457068845427,39.0,0.046838066018893364,False
0.7993324941948191,1.036966367240781,0.8670574769411606,3,182.18326876947555,0,-182.18326876947555,0.01475,0.012455689069850381,0.16359118334342165,0.16711896328976267,32.849993016862655,39.0,0,True
0.7995371562793424,0.9894178449742249,0.8931299394986819,3,183.18934778393813,0,-191.57299510461388,0.01475,0.01247162283727016,0.17961413000572796,0.17175382840656087,32.18459820083927,39.0,0.045764928049003145,False
0.7973406897872601,1.04804157318275,0.8980542321764703,3,182.65263103059405,0,-182.65263103059405,0.01475,0.012482522284924866,0.1723407467737354,0.17270477020674666,32.03329234969004,39.0,0,True
0.7989437293165784,1.0458484602168812,0.8312849101500831,3,182.03546387113127,0,-182.03546387113127,0.01475,0.012438902903950942,0.1508736705660799,0.15992785096727383,33.93883703549823,39.0,0,True
fitness at iteration,13,,,,,-181.90306731220832
0.7969750083283038,1.0464498617987446,0.9261291754617765,3,183.11998098798747,0,-187.87712545411662,0.01475,0.012493901250845214,0.1820030991786755,0.17739468804835062,31.312420609062862,39.0,0.02597829270439486,False
0.7971539209128945,1.044170074489469,0.868087220447442,3,182.4925678294591,0,-182.4925678294591,0.01475,0.012472642354794452,0.16309505786800552,0.16688920540417929,32.8838321084201,39.0,0,True
0.7996598745633281,1.0404231705233398,0.9057329132993401,3,182.47818550120138,0,-183.9099887352432,0.01475,0.012468159019310665,0.17578678164607392,0.1744182204048192,31.76543817911691,39.0,0.007846435068987296,False
0.7998806539855895,1.0480996576626664,0.8349062486679351,3,181.84983035964905,0,-181.84983035964905,0.01475,0.012433464221082961,0.1516181643713814,0.16087355837751546,33.79149719642207,39.0,0,True
0.7993563724095032,1.042850692629214,0.886523330511537,3,182.2678926950237,0,-182.2678926950237,0.01475,0.01246324059705621,0.1690901013635279,0.17102922066152465,32.291430387441785,39.0,0,True
0.7969676994861357,1.0200638239198552,0.8986529975169444,3,183.2577304973498,0,-187.9245726695507,0.01475,0.012490716838295963,0.17685941463344815,0.17246736008178773,32.0709303288667,39.0,0.025466004405573388,False
0.7983290317133838,1.035289296513387,0.883975849870602,3,182.542758515852,0,-182.542758515852,0.01475,0.012471437104867533,0.1694953409215049,0.17022105924711542,32.40466050223644,39.0,0,True
0.7920588992055233,1.0498263060304989,0.8553019257257385,3,183.269054128172,0,-183.269054128172,0.01475,0.012506349827795091,0.1586628804990979,0.16326279406517316,33.42467451885215,39.0,0,True
0.7961391166991132,1.0169631201740832,0.828053360934848,3,182.74120199040226,0,-182.74120199040226,0.01475,0.012460556794097383,0.1541878335795154,0.1585372386170248,34.158840447681534,39.0,0,True
0.7854726928849961,1.049514821111434,0.9040340789788497,3,184.91181535029546,0,-189.3403128138318,0.01475,0.01258044819533114,0.1753912037871006,0.17128896327870205,32.25617817984117,39.0,0.023949240102083227,False
fitness at iteration,14,,,,,-181.84983035964905
0.7999516589992538,1.039696403666271,0.8676073647081545,3,182.02815352964302,0,-182.02815352964302,0.01475,0.012450572642633015,0.1633125321844973,0.16739085103128973,32.81020020022953,39.0,0,True
0.7966730419393543,1.039259708209776,0.825102180753259,3,182.50765537908018,0,-182.50765537908018,0.01475,0.012453680215146382,0.1500381851054697,0.1581628993196946,34.21870227978401,39.0,0,True
0.7974314352716094,1.0399208392729198,0.8971139141104089,3,182.7786208498239,0,-183.57524053895781,0.01475,0.012482984477458594,0.17324205810419363,0.17249027897501093,32.067264124155514,39.0,0.004358385490765032,False
0.7987154023300963,1.0495671669490632,0.7961460589391562,3,182.27764788584864,0,-182.27764788584864,0.01475,0.01241867152038562,0.1394132103037033,0.15273977066753325,35.1139985189837,39.0,0,True
0.796607343064775,1.0491775875321536,0.8469803448558262,3,182.42556061509197,0,-182.42556061509197,0.01475,0.012465768699964509,0.15563256212655457,0.16259969683604458,33.525243510969865,39.0,0,True
0.7999805400773823,1.0495390880245505,0.8507732492088258,3,181.83052250533837,0,-181.83052250533837,0.01475,0.012441063864336036,0.15645951941283903,0.16409774060988375,33.297681248417604,39.0,0,True
0.7975384709795198,1.0454205037045672,0.8566148644799542,3,182.3251372391893,0,-182.3251372391893,0.01475,0.012463674807514617,0.15916955578413675,0.16470768463508295,33.20629243177948,39.0,0,True
0.7991006808689527,1.0499168728116566,0.8634505007514266,3,182.01997265571836,0,-182.01997265571836,0.01475,0.01245405994368068,0.1605732849947004,0.1664515314300327,32.948197130591936,39.0,0,True
0.7987691381664764,1.0392280242471643,0.8697392883662628,3,182.27173876981695,0,-182.27173876981695,0.01475,0.01246110107606181,0.16419338518516643,0.16754180705111085,32.7882619134351,39.0,0,True
0.7973374861490703,1.0496054565075965,0.8195228398913637,3,182.32848024047442,0,-182.32848024047442,0.01475,0.012444326071973344,0.1468056414422547,0.15722223741096905,34.370535710839455,39.0,0,True
fitness at iteration,15,,,,,-181.83052250533837
0.7983036133690824,1.0378849990935013,0.836337492728829,3,182.22775655910166,0,-182.22775655910166,0.01475,0.01244760031710734,0.15364651410544442,0.16076904063592934,33.807889915791876,39.0,0,True
0.7998209279710217,1.0458475113822834,0.8731113681117345,3,182.0016632791474,0,-182.0016632791474,0.01475,0.012453247333177103,0.16422123303861716,0.16850285886381766,32.64906624421412,39.0,0,True
0.7998930814993135,1.0487861718386806,0.840837268136824,3,181.83991308664707,0,-181.83991308664707,0.01475,0.012436589329109836,0.15340433428524716,0.16207512051162765,33.605368022997304,39.0,0,True
0.7987376960516727,1.0499974160597434,0.8581298019307733,3,182.0624413265798,0,-182.0624413265798,0.01475,0.01245440403981327,0.15888289885022805,0.16530515627565331,33.11726271460948,39.0,0,True
0.7991502816127539,1.0405778258255542,0.8789066335060122,3,182.25665256622185,0,-182.25665256622185,0.01475,0.012461936178372648,0.16695443884970876,0.16945475901328189,32.51299002245077,39.0,0,True
0.7999573782960921,1.030054481568918,0.882384794353621,3,182.31935308284247,0,-182.31935308284247,0.01475,0.012458653803047663,0.16958181041835274,0.17022840962811664,32.40352382596316,39.0,0,True
0.7991479979763181,1.0497074961389548,0.8768840193733873,3,182.09800146985546,0,-182.09800146985546,0.01475,0.012459701849167911,0.1649540871825232,0.1691298368084716,32.559266136299726,39.0,0,True
0.7999219065898888,1.049045259606328,0.8602032028019971,3,181.87112454933717,0,-181.87112454933717,0.01475,0.012446160812673083,0.15956667069496952,0.1659779674247043,33.01784606398986,39.0,0,True
0.7993311399946369,1.049684795627511,0.8715754443153387,3,182.0248368361482,0,-182.0248368361482,0.01475,0.01245591948666443,0.1632145051490785,0.1681166168983659,32.70480481384103,39.0,0,True
0.7999986254941515,1.04488194019886,0.8743384872983461,3,181.9940143717145,0,-181.9940143717145,0.01475,0.01245252860145875,0.1647429285424656,0.16877875970600711,32.6094310760148,39.0,0,True
fitness at iteration,16,,,,,-181.83052250533837
0.799585674947963,1.0492817670333339,0.8723204226939877,3,181.99561160553074,0,-181.99561160553074,0.01475,0.012454360036357063,0.16348550240960233,0.1683168066947663,32.675880746996796,39.0,0,True
0.7997295149946303,1.0499121966257934,0.8581344971566288,3,181.88495472130833,0,-181.88495472130833,0.01475,0.012446559907690318,0.15879739312582242,0.16552582442590197,33.084522785170535,39.0,0,True
0.7997961883905519,1.0459234927929317,0.8574575155131974,3,181.9225793324125,0,-181.9225793324125,0.01475,0.012446217947911509,0.159139613479303,0.16537730159286984,33.10650323949545,39.0,0,True
0.7999619159590492,1.0499460146010038,0.869801732242015,3,181.90518028002407,0,-181.90518028002407,0.01475,0.01245020684314185,0.1625324670981277,0.16790413534360224,32.735530767832124,39.0,0,True
0.7999736852965885,1.0486674940246672,0.8639876844262044,3,181.893650045546,0,-181.893650045546,0.01475,0.012447702732201242,0.1608316844091483,0.16673902926455308,32.90574261303324,39.0,0,True
0.7999718331081163,1.0493786677962829,0.8439340727680479,3,181.81092931466043,0,-181.81092931466043,0.01475,0.012437441569963806,0.15430508082398645,0.1627242218104207,33.50605441658984,39.0,0,True
0.7998737016674254,1.0492718727655084,0.8411871669336475,3,181.82576291514695,0,-181.82576291514695,0.01475,0.012436726065154443,0.15345617431065214,0.1621485758962576,33.594087690323796,39.0,0,True
0.7998980524813603,1.0498719858295587,0.8742891172759149,3,181.95130103438007,0,-181.95130103438007,0.01475,0.012452743302401858,0.1640034695134293,0.16878102464630568,32.60911264540431,39.0,0,True
0.7994078344394248,1.0492561739111028,0.8456894875698298,3,181.91061813203615,0,-181.91061813203615,0.01475,0.012442781815300806,0.15493906561065104,0.16295629200122252,33.47079115168796,39.0,0,True
0.7997715477144791,1.0496066815448688,0.8542483611462595,3,181.8651005699007,0,-181.8651005699007,0.01475,0.012444320096955145,0.15758987859245557,0.16475389280623395,33.19925088511131,39.0,0,True
fitness at iteration,17,,,,,-181.81092931466043
0.7999994035487856,1.0451371226288908,0.8424502105808697,3,181.8436438263763,0,-181.8436438263763,0.01475,0.01243678721057084,0.1544242852524447,0.16240896654959613,33.554177588321046,39.0,0,True
0.7998132953728887,1.0458103919199797,0.8343640810157721,3,181.86722698400973,0,-181.86722698400973,0.01475,0.01243368823029751,0.15177657106216055,0.16074378442143208,33.81171034679683,39.0,0,True
0.7998925542001472,1.0492575177022958,0.8164346378424322,3,181.88850669678257,0,-181.88850669678257,0.01475,0.01242229541198301,0.14565051865895726,0.15713274029559296,34.384937321245154,39.0,0,True
0.7998895311497413,1.0475091531483938,0.8492606187021776,3,181.86241163027609,0,-181.86241163027609,0.01475,0.01244118047119376,0.1562721088324612,0.163763659780482,33.34813850163132,39.0,0,True
0.7990449683716437,1.0459159928333843,0.8482939501881891,3,182.03714997477095,0,-182.03714997477095,0.01475,0.012447618678991456,0.15626651049077575,0.16337351404281633,33.40739240822068,39.0,0,True
0.7998936552802021,1.049489170331826,0.8338703578815009,3,181.82760914185155,0,-181.82760914185155,0.01475,0.0124325537089044,0.15110158077076238,0.16067605632479395,33.82220059115141,39.0,0,True
0.7999650468906782,1.0498709630865408,0.8696580811049128,3,181.90766347871994,0,-181.90766347871994,0.01475,0.012450164418460807,0.1624950349199488,0.16787469269411576,32.73980024765357,39.0,0,True
0.7994649801892967,1.0497619134182559,0.8267298306047534,3,181.93115463214667,0,-181.93115463214667,0.01475,0.0124319776118191,0.14884493714076688,0.15912873376045997,34.064626748521974,39.0,0,True
0.7998405225304959,1.0496292402289398,0.8451943914303797,3,181.84578494447857,0,-181.84578494447857,0.01475,0.012439275742341618,0.15467824009185666,0.16294685969727812,33.47219738039755,39.0,0,True
0.7999482249544559,1.0478591323013449,0.8451432348533451,3,181.8406262197373,0,-181.8406262197373,0.01475,0.012438524992297305,0.15490132786581287,0.16295184143244415,33.471434220146534,39.0,0,True
fitness at iteration,18,,,,,-181.81092931466043
0.7999985081400021,1.0489513349559263,0.8409235801304098,3,181.8183164623709,0,-181.8183164623709,0.01475,0.012435774740831166,0.15339916723649918,0.1621166582822739,33.59898077990056,39.0,0,True
0.7999958553161629,1.0499665225022772,0.8358155127317202,3,181.79442833037015,0,-181.79442833037015,0.01475,0.012432693094784317,0.15164575745222283,0.1610964172513009,33.75674023232353,39.0,0,True
0.7999016211698774,1.0489035299092282,0.8401389773532777,3,181.83816211617847,0,-181.83816211617847,0.01475,0.01243614280990171,0.1531645147120123,0.16193623001815804,33.62672908190418,39.0,0,True
0.7999569080993686,1.04920885636782,0.8183396585721611,3,181.8779427495849,0,-181.8779427495849,0.01475,0.012423089673983284,0.1462420359111084,0.15752884057083466,34.32066169092253,39.0,0,True
0.7996621931255721,1.0491118793423757,0.8334376173641072,3,181.87792335313287,0,-181.87792335313287,0.01475,0.012434228108651413,0.15103624357542833,0.16053445647255885,33.844187523950104,39.0,0,True
0.7995016587268067,1.0434980635857423,0.8242163191173324,3,181.96909434872197,0,-181.96909434872197,0.01475,0.012430502767806042,0.1489095161876672,0.15860414201875314,34.14796813593795,39.0,0,True
0.7984746167926444,1.0401629797968492,0.845206682221222,3,182.1917287364477,0,-182.1917287364477,0.01475,0.012451028785716117,0.15614735631335108,0.16259571358688185,33.525738069005705,39.0,0,True
0.7996154683031994,1.048215312127781,0.8479866445702798,3,181.892186801341,0,-181.892186801341,0.01475,0.012442501094436932,0.15579659265434057,0.1634558927756327,33.39483155019712,39.0,0,True
0.7999005860948822,1.049610805927493,0.8406950440208493,3,181.8284036884647,0,-181.8284036884647,0.01475,0.012436349950217756,0.15324476764768083,0.16205305185322919,33.6087591088417,39.0,0,True
0.7986867618951854,1.0498977852473523,0.8298958965013578,3,182.04212042746266,0,-182.04212042746266,0.01475,0.012439714841747327,0.14990650242645273,0.15961197007258404,33.98842491214127,39.0,0,True
fitness at iteration,19,,,,,-181.79442833037015
0.7999506262053792,1.0491621788637822,0.8417439957820277,3,181.80941371197267,0,-181.80941371197267,0.01475,0.012436382325225342,0.1536429810650446,0.16227843125477093,33.57416653489775,39.0,0,True
0.7999673973799263,1.049946261350682,0.8530682439152416,3,181.83111028626905,0,-181.83111028626905,0.01475,0.012442246702628041,0.15713974537026146,0.1645590601515441,33.228380900790995,39.0,0,True
0.7999949155284266,1.0414153672629263,0.8510269464051655,3,181.91218422267704,0,-181.91218422267704,0.01475,0.012441849732044699,0.15769446869569598,0.1641047373404795,33.296626135261306,39.0,0,True
0.7999958044150625,1.0499966308986146,0.8323882053513801,3,181.816886598119,0,-181.816886598119,0.01475,0.012430987451324413,0.15054901528672401,0.16039542287950484,33.8657830025455,39.0,0,True
0.7999796109846016,1.047500488545046,0.8372984494718015,3,181.8379753321011,0,-181.8379753321011,0.01475,0.01243409536234878,0.15244944332200697,0.16137326615644115,33.7137179721624,39.0,0,True
0.7999967076055495,1.0499166283245909,0.8419773068981581,3,181.80403534881356,0,-181.80403534881356,0.01475,0.012436198834260845,0.153602810449617,0.16233590918236332,33.56535912332307,39.0,0,True
0.7995231640616157,1.0497956822502748,0.8468534067202406,3,181.89061283432662,0,-181.89061283432662,0.01475,0.012442484794473317,0.15522140162891399,0.1632173981121732,33.431139330791986,39.0,0,True
0.7999370680668689,1.049997218767999,0.8181139001704831,3,181.86496794819502,0,-181.86496794819502,0.01475,0.012422906256164223,0.14607293206929534,0.1574858649696947,34.32761913124413,39.0,0,True
0.7999046665546182,1.0493241276309742,0.85370586863254,3,181.84891579598016,0,-181.84891579598016,0.01475,0.012443101876384817,0.1574395172379545,0.164670339017749,33.21173109220395,39.0,0,True
0.7999996773274529,1.0402294806240193,0.8463337365432448,3,181.92058686652632,0,-181.92058686652632,0.01475,0.01243957854645717,0.1563493685670319,0.16315603239358306,33.44046195686619,39.0,0,True
fitness at iteration,20,,,,,-181.79442833037015
0.7999575010748515,1.0475371088246395,0.8412087371919517,3,181.8296046063105,0,-181.8296046063105,0.01475,0.012436261207260251,0.1536956239571373,0.1621613719802839,33.59211848843916,39.0,0,True
0.7999444675521938,1.0453931965552776,0.855220050660909,3,181.90041815044313,0,-181.90041815044313,0.01475,0.012444080989341846,0.15847652518964203,0.16495544281185417,33.16917207891271,39.0,0,True
0.7999955777745588,1.0498678315481607,0.8580074664687143,3,181.84391166839256,0,-181.84391166839256,0.01475,0.012444481701668496,0.1587329306139437,0.1655567085700106,33.07994027627083,39.0,0,True
0.7999763082934028,1.049721075010357,0.8261901427641671,3,181.82891065994306,0,-181.82891065994306,0.01475,0.012427476928374086,0.14863873754785034,0.15913242403536532,34.064012045029074,39.0,0,True
0.799999891254344,1.0499680068932047,0.8409510791056723,3,181.79823301412097,0,-181.79823301412097,0.01475,0.012435560758846411,0.15327124089747807,0.16213123614813657,33.59674214442396,39.0,0,True
0.7998341741056492,1.0493219400493043,0.8446401577044735,3,181.83502684322787,0,-181.83502684322787,0.01475,0.012438886368019814,0.15455229494493197,0.1628370819086604,33.48888332155581,39.0,0,True
0.7999843914048791,1.0497567482199894,0.839870303186748,3,181.81272037014793,0,-181.81272037014793,0.01475,0.012435236643786129,0.15295401579619644,0.16190525172352543,33.63149401082308,39.0,0,True
0.7999772938684836,1.0499995547882726,0.8737731992782007,3,181.92880013682824,0,-181.92880013682824,0.01475,0.01245183962772906,0.16381062323452775,0.16869818536731881,32.620989731746505,39.0,0,True
0.7999372407233271,1.0489324096918455,0.8661362363038473,3,181.8965321176936,0,-181.8965321176936,0.01475,0.012448809179460105,0.16149755377842467,0.16716410347226152,32.843345587433156,39.0,0,True
0.7998098017006877,1.049989840405777,0.8426317954650144,3,181.83728545504036,0,-181.83728545504036,0.01475,0.012438020776160134,0.1538188278561414,0.16242770613799146,33.55132275825739,39.0,0,True
fitness at iteration,21,,,,,-181.79442833037015
0.799966232738022,1.0499969903981476,0.8407832686101204,3,181.80985711005502,0,-181.80985711005502,0.01475,0.012435805802454174,0.15321429661217456,0.1620881435476385,33.60336266883843,39.0,0,True
0.799999849220975,1.0499043847183758,0.8396022239666441,3,181.81225267840125,0,-181.81225267840125,0.01475,0.012434998928383392,0.1528449955797157,0.16185384365282596,33.63941309244925,39.0,0,True
0.799999826626453,1.0496794796941582,0.8281412264601687,3,181.82250137195197,0,-181.82250137195197,0.01475,0.012428472411739435,0.1492549379800666,0.1595328439906946,34.00079720634616,39.0,0,True
0.7999982043268548,1.0458719684387503,0.8494723625166654,3,181.86263657975655,0,-181.86263657975655,0.01475,0.012440617884995443,0.1565597340374302,0.16381970288884415,33.33965282806024,39.0,0,True
0.7999997069658189,1.0490492773275226,0.8446766390400429,3,181.8129649494655,0,-181.8129649494655,0.01475,0.01243768443524063,0.15458361503724027,0.1628774362032313,33.48273683130105,39.0,0,True
0.7999058920779516,1.0478057945814405,0.8473961305648917,3,181.84328170447773,0,-181.84328170447773,0.01475,0.012439938929492196,0.1556369508722308,0.1633985480656167,33.403531987284296,39.0,0,True
0.7999075339308326,1.049562460053726,0.8290067517462752,3,181.83913079638722,0,-181.83913079638722,0.01475,0.012429727647508822,0.1495516973791958,0.15968807838481935,33.976388468678635,39.0,0,True
0.7999999960815446,1.049692363584657,0.8313948788643042,3,181.80643893865553,0,-181.80643893865553,0.01475,0.012430239609900912,0.15028329192367645,0.16019770166691838,33.896592168405,39.0,0,True
0.799997450421505,1.047533481724228,0.8333262478162394,3,181.82696829730614,0,-181.82696829730614,0.01475,0.012431590687981548,0.15118880880770103,0.1605785279152088,33.83732402841503,39.0,0,True
0.7999980834558948,1.0496132758692496,0.8477213075958518,3,181.81563205575353,0,-181.81563205575353,0.01475,0.012439286809753177,0.15547410486779875,0.16349132594080196,33.389424667814,39.0,0,True
fitness at iteration,22,,,,,-181.79442833037015
0.7999999527061964,1.0499351633282534,0.8383452848933223,3,181.79668860963335,0,-181.79668860963335,0.01475,0.012434117009187928,0.15244942248927446,0.16160592408940377,33.67768480594329,39.0,0,True
0.799989208974692,1.0494252372196986,0.8349571371282569,3,181.81440592286805,0,-181.81440592286805,0.01475,0.012432473654725683,0.15144301404720872,0.16091482995354478,33.785047349550055,39.0,0,True
0.7999908879420072,1.0487032098288829,0.8356490399899872,3,181.81509677972667,0,-181.81509677972667,0.01475,0.012432849768199741,0.15176391830969355,0.1610528957095532,33.76351855522075,39.0,0,True
0.7999756683209694,1.0492125754958046,0.840827737063158,3,181.8154736488856,0,-181.8154736488856,0.01475,0.012435824747410788,0.15333667165470016,0.1620952423603736,33.60227154594039,39.0,0,True
0.7999765915148669,1.049099741160233,0.8298318276265607,3,181.8271039071275,0,-181.8271039071275,0.01475,0.012429676729570877,0.14986940489004355,0.1598691884250971,33.947965310451686,39.0,0,True
0.7999945139099675,1.0498876410433804,0.832398448005385,3,181.80067797641524,0,-181.80067797641524,0.01475,0.012430798146542908,0.15057553637553742,0.16040277352359622,33.864639264598985,39.0,0,True
0.799999829859442,1.0499985546491164,0.8355387973247189,3,181.8036739174593,0,-181.8036739174593,0.01475,0.012432627867714147,0.1515485959183845,0.16103816324369422,33.76581334656204,39.0,0,True
0.7999585618968043,1.0496730361272075,0.8350822090133773,3,181.80988085987394,0,-181.80988085987394,0.01475,0.01243266966183234,0.15145502420643325,0.16093728613206415,33.7815448493322,39.0,0,True
0.799982045825554,1.049966613958968,0.8418203113045473,3,181.81069881569078,0,-181.81069881569078,0.01475,0.012436282069255912,0.15354513646810253,0.16229967748095958,33.570909291419916,39.0,0,True
0.7999778353658358,1.0497267974744362,0.8348136173592053,3,181.81063512450558,0,-181.81063512450558,0.01475,0.012432416770537113,0.1513586761127964,0.1608860096809471,33.78954707274092,39.0,0,True
fitness at iteration,23,,,,,-181.79442833037015
0.7999747895518722,1.049727372054681,0.8389865783484063,3,181.79852049550027,0,-181.79852049550027,0.01475,0.012434631164638658,0.15268624436865827,0.16173039262782535,33.65845600529318,39.0,0,True
0.79999856795062,1.0498516202984691,0.8374423419650255,3,181.79590821664925,0,-181.79590821664925,0.01475,0.01243361057381623,0.1521758196044288,0.16142382851050793,33.70587659432841,39.0,0,True
0.7999982916619618,1.049898583819364,0.8305843869923634,3,181.81767206110368,0,-181.81767206110368,0.01475,0.012429908825585537,0.14999419485046211,0.16002951740397559,33.922863868266354,39.0,0,True
0.7999885139894085,1.0499467401539126,0.8359370672877535,3,181.79830766435222,0,-181.79830766435222,0.01475,0.012432851273075347,0.15168649108925036,0.1611183917188509,33.75331989498975,39.0,0,True
0.7999960573585132,1.0498719834255037,0.8335482135993441,3,181.79840925185823,0,-181.79840925185823,0.01475,0.012431434133647922,0.15094108680443755,0.16063719308491842,33.828220952218416,39.0,0,True
0.799988186706001,1.0499466318850772,0.843578633898133,3,181.80504169714777,0,-181.80504169714777,0.01475,0.01243710586307714,0.15410955824341896,0.16265797321073724,33.516149743476085,39.0,0,True
0.7999767106735225,1.0499423430066164,0.8392345015182875,3,181.79755561352454,0,-181.79755561352454,0.01475,0.012434750113654615,0.15273426374937596,0.1617813987803161,33.650584747172836,39.0,0,True
0.7999999746596055,1.04997484938293,0.8438957973717941,3,181.80614204883966,0,-181.80614204883966,0.01475,0.012437218919700831,0.15420389264934614,0.16272360960952503,33.50614596748262,39.0,0,True
0.7999288757080922,1.0494813435654748,0.8338388567706759,3,181.82695200500228,0,-181.82695200500228,0.01475,0.01243232717905445,0.1510867153715686,0.16067529660297883,33.82231625324322,39.0,0,True
0.7999723555136049,1.0499067467248673,0.8439155365168757,3,181.8032538436209,0,-181.8032538436209,0.01475,0.012437348574489202,0.15422649638588035,0.1627242104457881,33.50605611609417,39.0,0,True
fitness at iteration,24,,,,,-181.79442833037015
0.7999985840519234,1.0499986093313023,0.8384840901514646,3,181.79296325061796,0,-181.79296325061796,0.01475,0.012434157224252252,0.1524863980553949,0.16163510674960577,33.673173297202055,39.0,0,True
0.7999959659778713,1.0499999951311974,0.8341757666194403,3,181.80702667554783,0,-181.80702667554783,0.01475,0.012431908279504654,0.15111692694575243,0.16076184333575366,33.80890257787101,39.0,0,True
0.7999819105482517,1.049783858691826,0.8329417256736971,3,181.81605312153147,0,-181.81605312153147,0.01475,0.012431375988956604,0.15075644899246635,0.16050558926865852,33.84865296755954,39.0,0,True
0.7999881461526189,1.0496581958208653,0.8374065866895372,3,181.8109059254847,0,-181.8109059254847,0.01475,0.012433830028066667,0.15218681370003326,0.16140948864467097,33.708100230545185,39.0,0,True
0.7999948192663677,1.0499027418229714,0.8401948323315416,3,181.7972465843795,0,-181.7972465843795,0.01475,0.012435166654526354,0.15304169264038636,0.16197800904069676,33.6202935857645,39.0,0,True
0.7999717096045953,1.0499871554704414,0.8329394638462823,3,181.81052555835524,0,-181.81052555835524,0.01475,0.012431369233230091,0.15073143154739074,0.16050580896988306,33.84861944226738,39.0,0,True
0.7999783067011914,1.04999811320834,0.8399439236840278,3,181.81159383323183,0,-181.81159383323183,0.01475,0.01243530368731649,0.15294445135301107,0.1619199778651489,33.62922664955126,39.0,0,True
0.7999994615546869,1.049851567135709,0.8384309414452998,3,181.80377743224372,0,-181.80377743224372,0.01475,0.01243425262652919,0.15248522436097317,0.16162051080421072,33.67542953224002,39.0,0,True
0.7999932776868935,1.049822479787682,0.8371709469126666,3,181.80335623994768,0,-181.80335623994768,0.01475,0.012433579869929812,0.15209141634432907,0.16136569193188274,33.71489207220869,39.0,0,True
0.7999842435966659,1.049999945839822,0.8407499438911258,3,181.79969113261433,0,-181.79969113261433,0.01475,0.012435560020656196,0.15320488150715644,0.1620877539571628,33.603421432473105,39.0,0,True
fitness at iteration,25,,,,,-181.79296325061796
0.799998743260188,1.0498630512628606,0.8423949156748822,3,181.79521939427065,0,-181.79521939427065,0.01475,0.012436298831451626,0.15374732958642498,0.162423606749608,33.551938268426035,39.0,0,True
0.7999954174477999,1.0499923491230596,0.8392841550614829,3,181.7941053830891,0,-181.7941053830891,0.01475,0.01243462979727934,0.15274111226249767,0.16179558225489166,33.648395815520026,39.0,0,True
0.7999998242505543,1.0499045432499303,0.8380480415066371,3,181.81239623772237,0,-181.81239623772237,0.01475,0.01243414432283167,0.15235192452697777,0.1615403454409976,33.687829624878475,39.0,0,True
0.799992687730343,1.0498176060380664,0.8400830247616937,3,181.81441453066628,0,-181.81441453066628,0.01475,0.01243532613608188,0.153010373029883,0.16194885937270884,33.62477951652874,39.0,0,True
0.7999967400730265,1.0499633848758028,0.8393665590705308,3,181.80046845675096,0,-181.80046845675096,0.01475,0.012434745302863535,0.15276811749433922,0.16181014162486385,33.646150385637746,39.0,0,True
0.7999997840088241,1.0499835887152116,0.8347473694321759,3,181.8053394014732,0,-181.8053394014732,0.01475,0.012432195043252482,0.1512998578196309,0.16087827470839489,33.790753531657934,39.0,0,True
0.7999828953829485,1.0499892008303489,0.8395081253460753,3,181.81277021072464,0,-181.81277021072464,0.01475,0.012435054044531997,0.152805972823793,0.16183232396191755,33.64273109960962,39.0,0,True
0.7999999971981544,1.049567599447219,0.8391138757433674,3,181.80040099695302,0,-181.80040099695302,0.01475,0.012434577064580872,0.15274402397789405,0.16175901767070439,33.654036473396296,39.0,0,True
0.7999550701087936,1.049995883254348,0.8383743910266023,3,181.81218655522065,0,-181.81218655522065,0.01475,0.012434580946269105,0.1524507110485599,0.16159960294976966,33.67866498718297,39.0,0,True
0.7999876094039684,1.0499072188963985,0.8381777833267138,3,181.79799861758787,0,-181.79799861758787,0.01475,0.012434109697783084,0.15240192780022338,0.16156975346249947,33.68327992745266,39.0,0,True
fitness at iteration,26,,,,,-181.79296325061796
0.7999964725458069,1.0497148526779054,0.8407437688768719,3,181.80086422309117,0,-181.80086422309117,0.01475,0.012435494216423178,0.15324104969616006,0.1620874894355636,33.60346133159808,39.0,0,True
0.7999948602727598,1.049677984852693,0.8366238406062326,3,181.8004757948658,0,-181.8004757948658,0.01475,0.012433223983790882,0.15193987221197516,0.1612564776132365,33.73184679393416,39.0,0,True
0.7999940267108882,1.0499542829149904,0.8352314206743607,3,181.81080618204578,0,-181.81080618204578,0.01475,0.012432572165556145,0.15145538900787198,0.16097286492623925,33.77599272885947,39.0,0,True
0.7999901359173756,1.0498623978579726,0.840763933879562,3,181.8100522587168,0,-181.8100522587168,0.01475,0.012435658479313709,0.1532230131487135,0.1620876265016049,33.603440657219046,39.0,0,True
0.7999999988709743,1.0499785602391016,0.8391946051952416,3,181.80728092076362,0,-181.80728092076362,0.01475,0.012434717023524843,0.15270751806241575,0.16177360326841175,33.65178597488493,39.0,0,True
0.7999987383959857,1.049917870276654,0.8406709122354746,3,181.80271202780511,0,-181.80271202780511,0.01475,0.012435470180100753,0.1531874452994367,0.16207283534155503,33.60571277046463,39.0,0,True
0.7999995256195566,1.0493064424709,0.8411470600013328,3,181.80346086399933,0,-181.80346086399933,0.01475,0.012435715254354326,0.15342617221227997,0.16216776749731399,33.591134393248254,39.0,0,True
0.7999990820275555,1.0495416886672233,0.843682143411465,3,181.80551661069683,0,-181.80551661069683,0.01475,0.012437092930334128,0.15419878705056533,0.16267969852949388,33.51283715179864,39.0,0,True
0.79999614282797,1.0497899616777344,0.8379241736460756,3,181.801368962486,0,-181.801368962486,0.01475,0.012433958957555995,0.15233512523397655,0.16151856826582134,33.69120068699206,39.0,0,True
0.7999931892765559,1.0498126445448408,0.8379766654266558,3,181.809464472658,0,-181.809464472658,0.01475,0.012434105479113446,0.15234518726961888,0.16152591707698807,33.690063248981495,39.0,0,True
fitness at iteration,27,,,,,-181.79296325061796
0.7999974248839087,1.0495794909409841,0.8396230783267459,3,181.8009091114775,0,-181.8009091114775,0.01475,0.012434877204509,0.15290420505929989,0.16186119163014487,33.63828086248746,39.0,0,True
0.7999902144601942,1.0499509223780192,0.8379980196484658,3,181.80006675804515,0,-181.80006675804515,0.01475,0.012434021717554433,0.1523372437738042,0.16153326658044895,33.688925817560225,39.0,0,True
0.7999694979996517,1.0499588372730262,0.8375231102462481,3,181.80766785037636,0,-181.80766785037636,0.01475,0.01243396872063141,0.15218576224720873,0.16143173591376742,33.70465270343568,39.0,0,True
0.7999979840080201,1.0495419680299212,0.8368136607594205,3,181.8067200594818,0,-181.8067200594818,0.01475,0.012433386840422138,0.15201580883774557,0.16129279830642163,33.72620528260505,39.0,0,True
0.7999881361590185,1.0499585068627975,0.8377875193482897,3,181.80273036335612,0,-181.80273036335612,0.01475,0.012433949445372154,0.1522685576526615,0.161489601805148,33.69568635398033,39.0,0,True
0.799980204739714,1.0499547278075345,0.8386221174755365,3,181.8006347920262,0,-181.8006347920262,0.01475,0.012434431501236584,0.15253610762676978,0.1616573700342259,33.66973372959297,39.0,0,True
0.7999828298374296,1.0494163199925728,0.8443858038838,3,181.8057473876768,0,-181.8057473876768,0.01475,0.012437550871060472,0.15444426117875854,0.16281919353037655,33.4915955266418,39.0,0,True
0.7999881084388876,1.04976140272536,0.8379138013348467,3,181.81211855007186,0,-181.81211855007186,0.01475,0.01243413082543613,0.1523322334061761,0.1615114561371863,33.69230225623373,39.0,0,True
0.7999894723561299,1.0498675250736105,0.8335056305582427,3,181.81231971736273,0,-181.81231971736273,0.01475,0.012431618323458434,0.1509228740232365,0.16062267489881685,33.830473488432126,39.0,0,True
0.7999988081474902,1.0497644118330698,0.8375891958402544,3,181.79694993927953,0,-181.79694993927953,0.01475,0.01243370190791237,0.15223424783579004,0.16145295390843473,33.70136279730773,39.0,0,True
fitness at iteration,28,,,,,-181.79296325061796
0.7998988043127143,1.048873598190882,0.8382909831493613,3,181.83475717824004,0,-181.83475717824004,0.01475,0.012435103845955779,0.15258415335128997,0.16156437873914892,33.68411680969175,39.0,0,True
0.7999979149857184,1.049994484356724,0.8389288140695168,3,181.79894564658082,0,-181.79894564658082,0.01475,0.012434480206968967,0.15262528867177963,0.16172260243592002,33.65965724553045,39.0,0,True
0.7999875888799228,1.0494175219014794,0.8348861979977092,3,181.8143019043628,0,-181.8143019043628,0.01475,0.012432440663180378,0.15142203071015076,0.16090033235197432,33.78731040105644,39.0,0,True
0.7999718356456091,1.0498947774202845,0.838850710444886,3,181.8029051721623,0,-181.8029051721623,0.01475,0.012434631623345752,0.15261762092325132,0.16170129122326066,33.66294945525319,39.0,0,True
0.7999954662292743,1.0499643367463911,0.8385036033059562,3,181.80252637958043,0,-181.80252637958043,0.01475,0.012434302951382831,0.15249347173442152,0.1616351739165194,33.67316310364913,39.0,0,True
0.7999964452124888,1.049995055680931,0.8379986645256613,3,181.80378583646933,0,-181.80378583646933,0.01475,0.012434033750672403,0.1523282363302232,0.1615331324753243,33.688946198214964,39.0,0,True
0.7999737678446506,1.0497999219630325,0.839581200956255,3,181.807692781484,0,-181.807692781484,0.01475,0.012435078216598288,0.15286037863232319,0.16184711117619494,33.640452290546264,39.0,0,True
0.7999998297452892,1.0499982050082892,0.8392771870039025,3,181.79232307152336,0,-181.79232307152336,0.01475,0.012434579056820709,0.15273811429755,0.16179548706382552,33.648410230678216,39.0,0,True
0.7999842117064709,1.0497566961022264,0.8367602646525606,3,181.81176091126173,0,-181.81176091126173,0.01475,0.01243350266393182,0.1519683879856047,0.16127853826582644,33.728420650391456,39.0,0,True
0.7999998944910457,1.0498765157481313,0.837484951272262,3,181.80044682554183,0,-181.80044682554183,0.01475,0.012433683543985477,0.15218335633734417,0.16143108228722727,33.704752176310365,39.0,0,True
fitness at iteration,29,,,,,-181.79232307152336
Best Solution
0.7999998297452892,1.0499982050082892,0.8392771870039025,3,,,-181.79232307152336
