# Created by Octave 5.2.0, Thu Feb 16 10:53:58 2023 -03 <cristofer@hood-furg>
# name: sigma
# type: matrix
# rows: 94
# columns: 1
 0.096862500000000004
 0.10587000000000001
 0.106216
 0.109273
 0.119423
 0.123934
 0.128191
 0.13007099999999999
 0.13341500000000001
 0.134549
 0.14549799999999999
 0.14605000000000001
 0.15130199999999999
 0.151667
 0.15199399999999999
 0.155477
 0.160436
 0.16317799999999999
 0.17261499999999999
 0.17371400000000001
 0.18035000000000001
 0.18085899999999999
 0.18160699999999999
 0.192745
 0.194136
 0.19465399999999999
 0.19600799999999999
 0.19946800000000001
 0.20290900000000001
 0.21307599999999999
 0.225825
 0.229187
 0.230794
 0.23083699999999999
 0.23810899999999999
 0.25256000000000001
 0.25791900000000001
 0.25904100000000002
 0.27360099999999998
 0.27987699999999999
 0.28253499999999998
 0.284076
 0.30036800000000002
 0.31314799999999998
 0.31723600000000002
 0.32325500000000001
 0.32732699999999998
 0.33511299999999999
 0.33834199999999998
 0.338949
 0.35490699999999997
 0.370035
 0.37800400000000001
 0.38853399999999999
 0.40578199999999998
 0.40638099999999999
 0.42553600000000003
 0.42557
 0.42629299999999998
 0.45186700000000002
 0.46911799999999998
 0.47751100000000002
 0.50036000000000003
 0.50109800000000004
 0.53931399999999996
 0.54041099999999997
 0.56211999999999995
 0.56902399999999997
 0.57547700000000002
 0.61299899999999996
 0.62196399999999996
 0.66512800000000005
 0.68407200000000001
 0.70733400000000002
 0.73042899999999999
 0.73881799999999997
 0.79774900000000004
 0.844171
 0.873004
 0.92922199999999999
 0.949152
 0.97735399999999995
 1.01081
 1.0557700000000001
 1.1779999999999999
 1.2024699999999999
 1.20367
 1.20939
 1.26433
 1.4072199999999999
 1.48156
 1.49136
 1.5542800000000001
 1.6796500000000001


# name: tal2
# type: matrix
# rows: 94
# columns: 1
 0.035897199999999997
 0.0395241
 0.039663999999999998
 0.040901100000000003
 0.045029
 0.046873100000000001
 0.0486182
 0.049390400000000001
 0.050766699999999998
 0.051233800000000003
 0.055761499999999999
 0.055990699999999997
 0.058173200000000001
 0.058325500000000002
 0.058461399999999997
 0.059913000000000001
 0.061983999999999997
 0.063131699999999999
 0.067093
 0.067555599999999993
 0.070353499999999999
 0.070568400000000003
 0.070884699999999995
 0.075602000000000003
 0.076192999999999997
 0.076413200000000001
 0.076988500000000001
 0.0784609
 0.079833899999999999
 0.083893499999999996
 0.0889876
 0.090234300000000003
 0.090830099999999997
 0.090845899999999993
 0.093538399999999994
 0.098874299999999998
 0.10084799999999999
 0.101262
 0.10617500000000001
 0.108282
 0.10917200000000001
 0.10968799999999999
 0.115118
 0.11935
 0.120699
 0.12253
 0.123764
 0.12611600000000001
 0.12708800000000001
 0.12726999999999999
 0.132046
 0.13653499999999999
 0.13888400000000001
 0.14197399999999999
 0.14589099999999999
 0.14602599999999999
 0.15030099999999999
 0.150309
 0.15046899999999999
 0.15606300000000001
 0.159771
 0.16155600000000001
 0.16604099999999999
 0.166184
 0.17349600000000001
 0.173703
 0.177758
 0.179034
 0.18022099999999999
 0.18654499999999999
 0.188029
 0.195046
 0.19806000000000001
 0.201709
 0.20513700000000001
 0.20637
 0.21484700000000001
 0.22131600000000001
 0.22503799999999999
 0.23211999999999999
 0.23457900000000001
 0.238014
 0.24202599999999999
 0.24710299999999999
 0.26035999999999998
 0.26292599999999999
 0.26305299999999998
 0.263658
 0.26939600000000002
 0.283744
 0.289825
 0.29061199999999998
 0.295601
 0.30519800000000002


# name: tal5
# type: matrix
# rows: 94
# columns: 1
 0.040322299999999998
 0.044961399999999999
 0.045141599999999997
 0.046737800000000003
 0.052109099999999998
 0.054530000000000002
 0.0568327
 0.057854999999999997
 0.059682399999999997
 0.060304000000000003
 0.066367800000000005
 0.066676600000000003
 0.069624599999999995
 0.069830900000000001
 0.070015099999999997
 0.071985199999999999
 0.074806800000000007
 0.076375899999999997
 0.081820100000000007
 0.082458600000000007
 0.086099300000000004
 0.086379200000000003
 0.086791400000000005
 0.092953499999999994
 0.093727199999999997
 0.094015600000000005
 0.094769300000000001
 0.096329300000000007
 0.097878199999999999
 0.102446
 0.108153
 0.109654
 0.110371
 0.110389
 0.11349099999999999
 0.119626
 0.121891
 0.122365
 0.128492
 0.13112199999999999
 0.13205600000000001
 0.13259699999999999
 0.138267
 0.14266200000000001
 0.14405799999999999
 0.14610600000000001
 0.14748600000000001
 0.150113
 0.151198
 0.15138399999999999
 0.156246
 0.16079199999999999
 0.163163
 0.166273
 0.17130999999999999
 0.171483
 0.17629600000000001
 0.17630399999999999
 0.176484
 0.18277199999999999
 0.18693399999999999
 0.18893599999999999
 0.19431799999999999
 0.19449
 0.20300000000000001
 0.20324
 0.207958
 0.20944199999999999
 0.21082300000000001
 0.218726
 0.220584
 0.22840199999999999
 0.23175699999999999
 0.235815
 0.23978099999999999
 0.241206
 0.25100899999999998
 0.25853199999999998
 0.26310600000000001
 0.27182000000000001
 0.27484799999999998
 0.279082
 0.28361900000000001
 0.28959400000000002
 0.30519800000000002
 0.308388
 0.30854399999999998
 0.309284
 0.31631199999999998
 0.33391300000000002
 0.342721
 0.34386499999999998
 0.351128
 0.36517699999999997


# name: tal10
# type: matrix
# rows: 94
# columns: 1
 0.046419700000000001
 0.0523642
 0.052596499999999997
 0.054658199999999997
 0.061649900000000001
 0.064826900000000007
 0.067862599999999995
 0.069214700000000004
 0.071637699999999999
 0.072463799999999995
 0.080568299999999995
 0.081014699999999995
 0.085295599999999999
 0.085596500000000006
 0.085865200000000003
 0.088748599999999997
 0.092904100000000003
 0.094860399999999998
 0.101649
 0.102446
 0.107278
 0.107651
 0.108199
 0.116381
 0.11741
 0.117794
 0.118798
 0.12137199999999999
 0.123941
 0.13064200000000001
 0.13907900000000001
 0.14130999999999999
 0.142377
 0.142406
 0.14724300000000001
 0.15492700000000001
 0.15776100000000001
 0.15835399999999999
 0.16600999999999999
 0.169292
 0.17068
 0.171483
 0.17899899999999999
 0.18482799999999999
 0.18668100000000001
 0.18940000000000001
 0.19123200000000001
 0.19472100000000001
 0.196163
 0.196433
 0.20268600000000001
 0.208532
 0.21157999999999999
 0.21557699999999999
 0.222051
 0.222247
 0.22848499999999999
 0.228496
 0.22872899999999999
 0.23687800000000001
 0.24227199999999999
 0.244867
 0.25184200000000001
 0.25204199999999999
 0.26221699999999998
 0.26250400000000002
 0.26813100000000001
 0.269899
 0.27154299999999998
 0.28093800000000002
 0.28304499999999999
 0.29298999999999997
 0.29725499999999999
 0.30241499999999999
 0.30745699999999998
 0.30926900000000002
 0.32115199999999999
 0.33019999999999999
 0.33569399999999999
 0.34614499999999998
 0.34973700000000002
 0.35475400000000001
 0.36061199999999999
 0.36832700000000002
 0.38849
 0.39239499999999999
 0.39258500000000002
 0.39349200000000001
 0.402088
 0.42358899999999999
 0.434332
 0.435726
 0.444575
 0.461673


